[{"id": 0, "img_name": "indoor_DSC00005", "width": 2785, "height": 1586, "position": [0.8243755075118494, 0.056650128670920286, -3.37132997452115], "rotation": [[0.842185174744294, -0.07945735262993064, 0.533301659995509], [0.06080451648055189, 0.9967686894957343, 0.0524880025960471], [-0.5357489544707381, -0.01177746806402828, 0.8442951788500936]], "fy": 1213.242571125565, "fx": 1212.9309807026866}, {"id": 1, "img_name": "indoor_DSC00045", "width": 2785, "height": 1586, "position": [3.669241344371573, -0.07288984763459985, -0.8866431510804709], "rotation": [[-0.7685163292645315, -0.034335728767013046, 0.6389082167133304], [-0.022478796085837593, 0.9993915292874056, 0.026669737814835927], [-0.6394351846593219, 0.0061342414868400886, -0.7688205354314359]], "fy": 1213.242571125565, "fx": 1212.9309807026866}, {"id": 2, "img_name": "indoor_DSC00085", "width": 2785, "height": 1586, "position": [3.9734810899387387, 0.14985964890217757, -0.7784498514207862], "rotation": [[-0.7273059405445504, 0.06604283217135266, 0.6831284016694027], [0.12488588699989572, 0.9914768918991838, 0.037109137125286254], [-0.6748552319400476, 0.11230279225700746, -0.729354851066628]], "fy": 1213.242571125565, "fx": 1212.9309807026866}, {"id": 3, "img_name": "indoor_DSC00125", "width": 2785, "height": 1586, "position": [3.986394707337473, 0.08085295068557426, -0.3200849921460543], "rotation": [[-0.13953121898897441, -0.3369484432742769, 0.9311266216269901], [-0.0425399180043439, 0.9414967871111771, 0.33432642018768777], [-0.9893034894831989, 0.007038922813334296, -0.14570195352840457]], "fy": 1213.242571125565, "fx": 1212.9309807026866}, {"id": 4, "img_name": "indoor_DSC00165", "width": 2785, "height": 1586, "position": [4.11791555210487, 0.3589411620591315, -0.06214150967023319], "rotation": [[-0.012505808118643633, -0.5060698386010379, 0.8624018339623467], [0.14563702553264585, 0.8523504103187838, 0.5022834208127962], [-0.9892590467401868, 0.1318790979940356, 0.06304317532434743]], "fy": 1213.242571125565, "fx": 1212.9309807026866}, {"id": 5, "img_name": "indoor_DSC00220", "width": 2785, "height": 1586, "position": [3.0098728714025293, 0.08735408303687046, 0.6742166300787042], "rotation": [[0.8763082185838824, 0.40809375109476737, -0.2560144456075569], [-0.10100204707917743, 0.675247248047038, 0.7306433743562707], [0.47104404521037974, -0.6144108107140563, 0.6329430173005607]], "fy": 1213.242571125565, "fx": 1212.9309807026866}, {"id": 6, "img_name": "indoor_DSC00265", "width": 2785, "height": 1586, "position": [0.5358104370372957, -0.1424609044596462, -1.1149473816566777], "rotation": [[-0.3626463612652296, 0.11562875940561199, 0.9247256926566965], [-0.010597892513590957, 0.9916969993530049, -0.1281590658069746], [-0.9318665684181178, -0.05627656237338209, -0.35840988712935345]], "fy": 1213.242571125565, "fx": 1212.9309807026866}, {"id": 7, "img_name": "indoor_DSC00310", "width": 2785, "height": 1586, "position": [-0.7262828607384254, 0.14040624908331528, 4.304421685791232], "rotation": [[-0.5710336113104427, -0.03333999123905848, -0.8202493887458454], [0.019656560422367558, 0.9983331983945674, -0.05426273689775793], [0.8206913149206072, -0.04710912828160791, -0.5694264620180828]], "fy": 1213.242571125565, "fx": 1212.9309807026866}, {"id": 8, "img_name": "indoor_DSC00355", "width": 2785, "height": 1586, "position": [-0.7467436981486931, -0.3611852261570889, 4.0735336605002805], "rotation": [[-0.4298770666671572, 0.053900856399287905, 0.9012770968093347], [0.06895916005348685, 0.9972607816493755, -0.026750095865135423], [-0.9002501551226508, 0.050652058827847214, -0.4324164973010885]], "fy": 1213.242571125565, "fx": 1212.9309807026866}, {"id": 9, "img_name": "indoor_DSC00395", "width": 2785, "height": 1586, "position": [-1.3558207219734195, -0.14427047391383135, 4.068711727695211], "rotation": [[-0.2375030560693561, 0.11524165431087628, -0.964526650471312], [-0.02185988291927668, 0.9920522555076546, 0.12391314644108903], [0.971140795084045, 0.05051419061875332, -0.23309627339290617]], "fy": 1213.242571125565, "fx": 1212.9309807026866}, {"id": 10, "img_name": "indoor_DSC00435", "width": 2785, "height": 1586, "position": [-0.6585583994376372, -0.06168391965567479, 4.108166006909424], "rotation": [[-0.10257289212256487, 0.030284075488512637, 0.9942643896738024], [0.07336843308762046, 0.9970442546494646, -0.02279972141849644], [-0.9920160658113757, 0.07060898697970219, -0.10449160793968204]], "fy": 1213.242571125565, "fx": 1212.9309807026866}, {"id": 11, "img_name": "indoor_DSC00475", "width": 2785, "height": 1586, "position": [-1.0981221553121303, 0.19923966855042263, 3.8800245762024117], "rotation": [[-0.862710777155153, -0.032273574560624366, -0.5046667527838856], [0.05585196651616162, 0.9857751852260914, -0.15851763948766973], [0.5026038925601644, -0.16494150653351355, -0.8486363335409494]], "fy": 1213.242571125565, "fx": 1212.9309807026866}, {"id": 12, "img_name": "indoor_DSC00515", "width": 2785, "height": 1586, "position": [-1.4174935536983195, -0.376351348092775, 3.6152107825081785], "rotation": [[0.22901900452509694, 0.04435896530696791, 0.9724107042619535], [0.04309415390016138, 0.997519699930319, -0.055653770317519696], [-0.972467577591131, 0.05465098761981568, 0.22653935659442467]], "fy": 1213.242571125565, "fx": 1212.9309807026866}, {"id": 13, "img_name": "indoor_DSC00555", "width": 2785, "height": 1586, "position": [-1.9222839723454046, -0.27632848550268885, 3.1716184349184817], "rotation": [[-0.9552637064718716, 0.09239708840022269, -0.28095200506987567], [0.06747044478749652, 0.9929795208089789, 0.09715662784467195], [0.28795657689623866, 0.07385424367720608, -0.9547913701500806]], "fy": 1213.242571125565, "fx": 1212.9309807026866}, {"id": 14, "img_name": "indoor_DSC00595", "width": 2785, "height": 1586, "position": [-1.4332874530356206, -0.030487470713523913, 3.6613932933816424], "rotation": [[0.3852358093295097, -0.09708314117154856, 0.9176972457790764], [0.047533558099421974, 0.9952182268506843, 0.08533019277247848], [-0.9215931488811351, 0.010749169476970454, 0.38800840621165517]], "fy": 1213.242571125565, "fx": 1212.9309807026866}, {"id": 15, "img_name": "indoor_DSC00635", "width": 2785, "height": 1586, "position": [-1.6282526244081288, 0.3309002089769294, 3.317004624612318], "rotation": [[-0.9977676771954854, 0.004444631158204106, 0.06663263162889697], [-0.0014077220072763793, 0.9961611606985018, -0.08752691148763189], [-0.06676586450181701, -0.0874253233890561, -0.9939311506174074]], "fy": 1213.242571125565, "fx": 1212.9309807026866}, {"id": 16, "img_name": "indoor_DSC00675", "width": 2785, "height": 1586, "position": [-1.7441547492002798, -0.32150146850498373, 2.905076240118431], "rotation": [[0.9695009819405355, -0.004561278108271335, 0.24504497701107128], [0.007209084513750023, 0.9999249124054354, -0.009909523270877737], [-0.24498137708162845, 0.011373842490621299, 0.9694610670832469]], "fy": 1213.242571125565, "fx": 1212.9309807026866}, {"id": 17, "img_name": "indoor_DSC00715", "width": 2785, "height": 1586, "position": [-1.7071706546885859, -0.22207400211714345, 2.3676114975196003], "rotation": [[-0.8229200682356212, 0.0019992151432363632, 0.5681536450942575], [0.08448458717234289, 0.9893069170578939, 0.11888725075349299], [-0.5618406498513606, 0.14583493065866004, -0.8142894185572993]], "fy": 1213.242571125565, "fx": 1212.9309807026866}, {"id": 18, "img_name": "indoor_DSC00755", "width": 2785, "height": 1586, "position": [-1.885291055150819, -0.010028038386640679, 2.9374401407207196], "rotation": [[0.9999675637166872, 0.007999823182009194, -0.0009350634041284929], [-0.008046014395819465, 0.9974459331227435, -0.07097092467512102], [0.0003649203411952122, 0.07097614617571192, 0.997477946376354]], "fy": 1213.242571125565, "fx": 1212.9309807026866}, {"id": 19, "img_name": "indoor_DSC00795", "width": 2785, "height": 1586, "position": [-1.5628850726948214, 0.3522400348296164, 2.768883608522373], "rotation": [[0.027189556599275726, 0.09102306789829794, 0.9954775382309317], [0.08483444640379734, 0.9920429723710553, -0.09302611285312741], [-0.9960240181417791, 0.0869801246238668, 0.019251316971069198]], "fy": 1213.242571125565, "fx": 1212.9309807026866}, {"id": 20, "img_name": "indoor_DSC00835", "width": 2785, "height": 1586, "position": [-1.3546028041668332, -0.3462976274674374, 2.1790204032961533], "rotation": [[0.8533731514809144, -0.031915078958760265, -0.5203226807151391], [-0.03652716752310501, 0.9920101206725386, -0.12075465422083931], [0.5200192596089797, 0.12205469355297867, 0.8453890355436466]], "fy": 1213.242571125565, "fx": 1212.9309807026866}, {"id": 21, "img_name": "indoor_DSC00875", "width": 2785, "height": 1586, "position": [-0.9362707526160273, -0.2302503750708276, 2.001258899619843], "rotation": [[0.31663096009878616, -0.07094209575934242, 0.9458922000715478], [0.06877059700212058, 0.9962919000405938, 0.05170159476723642], [-0.9460525567297476, 0.04867924570878121, 0.3203355911264487]], "fy": 1213.242571125565, "fx": 1212.9309807026866}, {"id": 22, "img_name": "indoor_DSC00915", "width": 2785, "height": 1586, "position": [-1.4491761499727291, -0.007152198445765763, 2.100944034569294], "rotation": [[0.6143029440410733, -0.07729919415999176, -0.7852749375376028], [0.017692951935646954, 0.9962892681258821, -0.08422976711945075], [0.7888718859195534, 0.03784876219125163, 0.6133910814531927]], "fy": 1213.242571125565, "fx": 1212.9309807026866}, {"id": 23, "img_name": "indoor_DSC00955", "width": 2785, "height": 1586, "position": [-1.0142369617168632, 0.33452368611329714, 2.0983753609002767], "rotation": [[-0.022129218524394798, -0.00728756009417041, 0.9997285577372356], [0.034185682624694756, 0.9993831444245358, 0.008041750034128124], [-0.9991704743390804, 0.034354360829472755, -0.0218664377760796]], "fy": 1213.242571125565, "fx": 1212.9309807026866}, {"id": 24, "img_name": "indoor_DSC00995", "width": 2785, "height": 1586, "position": [-0.44242660418935775, -0.3718218535874029, 2.8562281995242165], "rotation": [[0.8506947956155709, -0.009010953039579822, -0.5255826932442699], [-0.014442157239755215, 0.9990749752956448, -0.04050454088456046], [0.5254615007846379, 0.042047550027621464, 0.8497777443130825]], "fy": 1213.242571125565, "fx": 1212.9309807026866}, {"id": 25, "img_name": "indoor_DSC01035", "width": 2785, "height": 1586, "position": [-0.20437216345666406, -0.1393786802372876, 2.9268243902733984], "rotation": [[0.9833524149634909, -0.035457280086197134, 0.1782156257861774], [0.018482301764169876, 0.9952075438440491, 0.0960226493979049], [-0.180766237187612, -0.0911302692017519, 0.9792950737792202]], "fy": 1213.242571125565, "fx": 1212.9309807026866}, {"id": 26, "img_name": "indoor_DSC01075", "width": 2785, "height": 1586, "position": [-0.5035358745876393, 0.13156190450720756, 2.5284597131728614], "rotation": [[-0.643212468904436, 0.26334917054078555, -0.7189749190488774], [-0.009030571144097773, 0.9363178771988385, 0.35103743621253863], [0.7656344876183877, 0.23228441018144327, -0.5998731400521178]], "fy": 1213.242571125565, "fx": 1212.9309807026866}, {"id": 27, "img_name": "indoor_DSC01115", "width": 2785, "height": 1586, "position": [-0.5140591403616434, -0.20339500673327102, 2.8958639016106074], "rotation": [[0.6808564902269136, 0.5430912941711196, -0.49141254146737756], [-0.046817473139170424, 0.7018459219933176, 0.7107885944429699], [0.7309189858833546, -0.46093833424536107, 0.5032825132054166]], "fy": 1213.242571125565, "fx": 1212.9309807026866}, {"id": 28, "img_name": "indoor_DSC01155", "width": 2785, "height": 1586, "position": [0.34349544256035397, -0.47412497933623354, 3.416516171694985], "rotation": [[-0.12288378333487245, 0.029668369324183194, -0.9919775015870833], [-0.06381344798614137, 0.9972483193544632, 0.03773106678611865], [0.990367315519564, 0.06793804093688882, -0.12065240546391713]], "fy": 1213.242571125565, "fx": 1212.9309807026866}, {"id": 29, "img_name": "indoor_DSC01195", "width": 2785, "height": 1586, "position": [0.46804545324030533, -0.2098342561950258, 3.6586994175224823], "rotation": [[0.6285048287081497, 0.13311840190286078, -0.766329675378272], [-0.044172049345454344, 0.9897643317471618, 0.13570334431294162], [0.7765503913766073, -0.0514398549368334, 0.6279517744038275]], "fy": 1213.242571125565, "fx": 1212.9309807026866}, {"id": 30, "img_name": "indoor_DSC01235", "width": 2785, "height": 1586, "position": [0.342671265839328, 0.17974346981255568, 3.570632839081366], "rotation": [[0.5007111435144466, -0.03713802417412648, -0.8648173899274326], [0.0012259582165458178, 0.9991086373570832, -0.04219511565245042], [0.8656135672382371, 0.02006733462406952, 0.5003103579721082]], "fy": 1213.242571125565, "fx": 1212.9309807026866}, {"id": 31, "img_name": "indoor_DSC01275", "width": 2785, "height": 1586, "position": [-0.3918435344322358, -0.16394897269755243, 4.19534660246573], "rotation": [[-0.6208880267427579, 0.6298326988027718, -0.4666999354684993], [0.0158635562931964, 0.6053303905719213, 0.7958162261676862], [0.783738735695268, 0.48670924561678724, -0.38583377820237674]], "fy": 1213.242571125565, "fx": 1212.9309807026866}, {"id": 32, "img_name": "indoor_DSC01315", "width": 2785, "height": 1586, "position": [-1.6361198444125167, -0.051964908350435955, 3.0147027977210445], "rotation": [[0.3986529178563502, -0.7162093331798373, 0.572817634287485], [0.021999312007913854, 0.6318837738969987, 0.7747508803201615], [-0.9168379798829216, -0.29625510519108283, 0.26765842279372404]], "fy": 1213.242571125565, "fx": 1212.9309807026866}, {"id": 33, "img_name": "indoor_DSC01355", "width": 2785, "height": 1586, "position": [-0.5157721106257582, -0.18069243438188054, 3.2092445072249594], "rotation": [[-0.6564821426919365, -0.5637508357478302, 0.5012147159853009], [0.12734140596498206, 0.5720826077396663, 0.8102503663983401], [-0.7435155429804171, 0.5957402832740166, -0.30377319208766423]], "fy": 1213.242571125565, "fx": 1212.9309807026866}, {"id": 34, "img_name": "indoor_DSC01395", "width": 2785, "height": 1586, "position": [-0.5937944234128129, -0.20193730482208588, 4.410538031330345], "rotation": [[0.9982138184586309, 0.0073626052588706805, -0.059287137576727704], [0.03827704034731922, 0.6831205708470744, 0.7293018263159751], [0.045869824727041264, -0.7302684970128241, 0.6816185747543426]], "fy": 1213.242571125565, "fx": 1212.9309807026866}, {"id": 35, "img_name": "indoor_DSC01435", "width": 2785, "height": 1586, "position": [-1.7669266278092295, -0.06977095434741114, 3.27316438236684], "rotation": [[-0.3858294374719923, 0.7451169676358376, -0.5440003214348497], [-0.016051799153941133, 0.5841463440128545, 0.8114896108517577], [0.9224304770138326, 0.3218287639686515, -0.21342038740111624]], "fy": 1213.242571125565, "fx": 1212.9309807026866}, {"id": 36, "img_name": "indoor_DSC01475", "width": 2785, "height": 1586, "position": [-1.577242016669379, -0.2838845321202561, 3.0619829169041255], "rotation": [[-0.6800031084863774, 0.07337551385831316, -0.7295284822506193], [-0.019823464834716666, 0.992776367221407, 0.1183305325290671], [0.7329412000227646, 0.0949269121624334, -0.6736364588236706]], "fy": 1213.242571125565, "fx": 1212.9309807026866}, {"id": 37, "img_name": "indoor_DSC01515", "width": 2785, "height": 1586, "position": [-1.027404665960985, -0.2538853344471946, 3.4789968783430787], "rotation": [[0.5198178323419337, -0.10939581049821434, 0.8472437534881988], [0.06527206410802201, 0.9939537669793578, 0.08829194048509009], [-0.8517798887191522, 0.009405623476580388, 0.5238153829552976]], "fy": 1213.242571125565, "fx": 1212.9309807026866}, {"id": 38, "img_name": "indoor_DSC01555", "width": 2785, "height": 1586, "position": [-1.5248375430336227, -0.09484451183830386, 3.0408189853580416], "rotation": [[-0.8231555007142172, 0.05050587197930691, -0.5655653618632737], [0.0022095163719963733, 0.9963136744518195, 0.08575651659037545], [0.567811711468976, 0.06934132242698665, -0.8202326751128295]], "fy": 1213.242571125565, "fx": 1212.9309807026866}, {"id": 39, "img_name": "indoor_DSC01595", "width": 2785, "height": 1586, "position": [-1.014277757517248, -0.08689202456530899, 3.2278406616136266], "rotation": [[-0.29072215151443503, -0.026464278131801945, 0.9564414632384882], [0.04696262877986778, 0.9980179243288533, 0.04188954781818066], [-0.955654300527603, 0.05709522485541098, -0.2889030861410239]], "fy": 1213.242571125565, "fx": 1212.9309807026866}, {"id": 40, "img_name": "indoor_DSC01635", "width": 2785, "height": 1586, "position": [-1.5959923763021204, 0.22564679210100688, 3.3394026046797682], "rotation": [[0.42784767349896696, -0.006567693859103003, -0.9038269932232021], [0.07629042745003764, 0.996667549901268, 0.02887153707882493], [0.9006254154536236, -0.08130596762339477, 0.42692294464904496]], "fy": 1213.242571125565, "fx": 1212.9309807026866}, {"id": 41, "img_name": "indoor_DSC01675", "width": 2785, "height": 1586, "position": [-0.6211792241508358, -0.365486727350847, 4.287356721848156], "rotation": [[0.9784528181707722, 0.028694584773613183, -0.20446687609083197], [-0.03339967514592169, 0.9992499276567357, -0.019597034932750175], [0.2037511823617734, 0.026003901297275693, 0.9786772975825591]], "fy": 1213.242571125565, "fx": 1212.9309807026866}, {"id": 42, "img_name": "indoor_DSC01715", "width": 2785, "height": 1586, "position": [-0.5135522918598625, -0.34632556471822246, 3.720383131237856], "rotation": [[-0.9881472160395216, 0.030157015003502447, -0.15051788557982415], [0.01937327382179944, 0.9971727165795593, 0.07260337162120906], [0.15228182982473018, 0.06882679533016435, -0.9859376839079695]], "fy": 1213.242571125565, "fx": 1212.9309807026866}, {"id": 43, "img_name": "indoor_DSC01755", "width": 2785, "height": 1586, "position": [-0.47654592684959457, -0.09930018376738699, 4.343286643955669], "rotation": [[0.9832553310700286, 0.019107719710148876, 0.18122872004692417], [0.0011968477834997048, 0.9937891634002647, -0.11127293589901004], [-0.1822293101500172, 0.10962661061840986, 0.9771256238409515]], "fy": 1213.242571125565, "fx": 1212.9309807026866}, {"id": 44, "img_name": "indoor_DSC01795", "width": 2785, "height": 1586, "position": [-0.648245412322327, -0.0345613140410144, 3.844434345828187], "rotation": [[-0.7036419180916749, 0.044002176095298315, -0.7091909895106863], [-0.0024131147083360674, 0.997926974176454, 0.06431120499906198], [0.710550651242874, 0.04696341884813456, -0.7020770679266071]], "fy": 1213.242571125565, "fx": 1212.9309807026866}, {"id": 45, "img_name": "indoor_DSC01835", "width": 2785, "height": 1586, "position": [-0.18230161740336376, 0.18039371498411838, 4.165946721202893], "rotation": [[0.21947035926291356, 0.10250805421389157, 0.9702189754000327], [0.1360786067092558, 0.981527610910332, -0.13448480143393038], [-0.9660824883005982, 0.16154147406142444, 0.20146706419905652]], "fy": 1213.242571125565, "fx": 1212.9309807026866}, {"id": 46, "img_name": "indoor_DSC01875", "width": 2785, "height": 1586, "position": [-0.6777170556017631, 0.2115633036273036, 4.159088468430596], "rotation": [[0.6868576588228994, -0.10465260467241484, -0.7192179008142142], [0.01170537167012233, 0.9910433008430323, -0.13302691505184513], [0.726697695600027, 0.08295184259210751, 0.6819306790431007]], "fy": 1213.242571125565, "fx": 1212.9309807026866}, {"id": 47, "img_name": "indoor_DSC01915", "width": 2785, "height": 1586, "position": [0.7429445020778362, 0.027946240527011945, 3.603122214357482], "rotation": [[-0.63160162256032, -0.18498391951997306, 0.7529012816420216], [0.05110406019583012, 0.9590727905642709, 0.2785098874919224], [-0.7736069838171522, 0.2143836092575419, -0.5962985013154382]], "fy": 1213.242571125565, "fx": 1212.9309807026866}, {"id": 48, "img_name": "indoor_DSC01955", "width": 2785, "height": 1586, "position": [1.2558952346627916, -0.1752580953516046, 3.2234733804000983], "rotation": [[-0.6430374965105304, -0.0907220903343188, 0.7604421611186751], [0.05221267809964965, 0.9854547717618228, 0.16171805421014607], [-0.7640527562460143, 0.14369549449173794, -0.6289475260589257]], "fy": 1213.242571125565, "fx": 1212.9309807026866}, {"id": 49, "img_name": "indoor_DSC02015", "width": 2785, "height": 1586, "position": [1.325869801427689, -0.14777155159461505, 2.73753933136441], "rotation": [[-0.9170616722153587, 0.12780042667809222, -0.37771012733903125], [0.043396480659473595, 0.9736083270509132, 0.22406153387740135], [0.39637688482042127, 0.18908695470079243, -0.8984049692327168]], "fy": 1213.242571125565, "fx": 1212.9309807026866}, {"id": 50, "img_name": "indoor_DSC02070", "width": 2785, "height": 1586, "position": [1.366845516730536, -0.32050006049341606, 2.5803292134138602], "rotation": [[0.9967456684745538, 0.029896456961261607, -0.07486170074462971], [-0.03381777430737999, 0.998091309775726, -0.051672966733785346], [0.07317397432222861, 0.054036461869178765, 0.9958542213951551]], "fy": 1213.242571125565, "fx": 1212.9309807026866}, {"id": 51, "img_name": "indoor_DSC02110", "width": 2785, "height": 1586, "position": [1.594168082541716, 0.20438066701726046, 2.464627981033507], "rotation": [[0.5962348549315016, 0.038343860326998075, 0.8018938496709117], [-0.01582574855006425, 0.9992260179526625, -0.03601264679658127], [-0.8026540621261697, 0.008781424809724162, 0.5963802001497618]], "fy": 1213.242571125565, "fx": 1212.9309807026866}, {"id": 52, "img_name": "indoor_DSC02150", "width": 2785, "height": 1586, "position": [2.0816812197570607, -0.1370588885451676, 2.9996914483617614], "rotation": [[-0.5021287596458548, 0.29452167179274913, -0.8130951319377822], [-0.018792456916382615, 0.9362813558389513, 0.3507478670946143], [0.8645886607512044, 0.19140064668850898, -0.4645990100588456]], "fy": 1213.242571125565, "fx": 1212.9309807026866}, {"id": 53, "img_name": "indoor_DSC02190", "width": 2785, "height": 1586, "position": [1.635420216616019, -0.1864995431867399, 2.7014765716935916], "rotation": [[0.08474597103788346, 0.09568927131659889, -0.9917971989009368], [0.012040719562055447, 0.9952069551757738, 0.09704708878783179], [0.9963298356795676, -0.02016630171012278, 0.08318761211900576]], "fy": 1213.242571125565, "fx": 1212.9309807026866}, {"id": 54, "img_name": "indoor_DSC02230", "width": 2785, "height": 1586, "position": [1.0925521528753248, -0.3631930310382164, 1.9861900397505032], "rotation": [[-0.887545289716516, 0.03036579226517308, 0.45971869372708124], [0.012446519427024546, 0.9990417577453092, -0.041960105282467325], [-0.4605523236899128, -0.031519596147022516, -0.8870727547403032]], "fy": 1213.242571125565, "fx": 1212.9309807026866}, {"id": 55, "img_name": "indoor_DSC02270", "width": 2785, "height": 1586, "position": [0.7380325671477368, -0.1854399901482286, 1.9194010830653856], "rotation": [[-0.8052057645533682, 0.11424102928125117, -0.5818871574100825], [0.012131752143378829, 0.9842355962162426, 0.17644577561049496], [0.5928714003221586, 0.13501584488354623, -0.7938981196037843]], "fy": 1213.242571125565, "fx": 1212.9309807026866}, {"id": 56, "img_name": "indoor_DSC02310", "width": 2785, "height": 1586, "position": [0.8039990957023121, 0.00922212591022627, 2.006388678673122], "rotation": [[-0.697415179009291, 0.14792404015083238, -0.7012350151218157], [0.04760369226819761, 0.9858673256857373, 0.1606222420080324], [0.7150845800112552, 0.07863901379536176, -0.6946005679089382]], "fy": 1213.242571125565, "fx": 1212.9309807026866}, {"id": 57, "img_name": "indoor_DSC02355", "width": 2785, "height": 1586, "position": [0.8334591131172874, -0.29670938132614727, 1.8128129250265501], "rotation": [[0.9609891701675514, -0.07418477184542126, 0.2664515611643581], [0.017737962950627822, 0.9779058260976723, 0.20829200645870083], [-0.2760166290118097, -0.19544005451921087, 0.9410727950581109]], "fy": 1213.242571125565, "fx": 1212.9309807026866}, {"id": 58, "img_name": "indoor_DSC02400", "width": 2785, "height": 1586, "position": [0.6860177391233776, -0.27541732321907963, 1.2917347586620478], "rotation": [[-0.6135142477345084, 0.0639760878772372, -0.7870878781982886], [-0.02852740216502077, 0.9942667639305668, 0.10305236275192205], [0.7891682046005625, 0.0856776652515846, -0.608171754132467]], "fy": 1213.242571125565, "fx": 1212.9309807026866}, {"id": 59, "img_name": "indoor_DSC02440", "width": 2785, "height": 1586, "position": [1.0398093441150305, -0.06037660255413504, 1.7024377832971072], "rotation": [[0.5355580561501058, 0.003846830035907988, 0.8444896508491946], [0.02123169245960485, 0.9996122055394053, -0.01801815118003058], [-0.8442314752057167, 0.02757971057354509, 0.5352686949903371]], "fy": 1213.242571125565, "fx": 1212.9309807026866}, {"id": 60, "img_name": "indoor_DSC02490", "width": 2785, "height": 1586, "position": [0.7654417763940411, 0.20508611271572247, 1.795718465667937], "rotation": [[0.9973063364681148, 0.044065612831810146, 0.0586369593882938], [-0.03629307233650534, 0.991163967907244, -0.1275805691425802], [-0.06374075729801615, 0.12510879460743157, 0.9900933821468312]], "fy": 1213.242571125565, "fx": 1212.9309807026866}, {"id": 61, "img_name": "indoor_DSC02535", "width": 2785, "height": 1586, "position": [0.9826368945336109, -0.21327700460535737, 1.7098188004558286], "rotation": [[0.8397710824065715, -0.09389162878284806, 0.5347605924132773], [-0.003362094494293304, 0.9840156642148568, 0.17805018646551787], [-0.5429302215518187, -0.15131931345435748, 0.8260322269145405]], "fy": 1213.242571125565, "fx": 1212.9309807026866}, {"id": 62, "img_name": "indoor_DSC02575", "width": 2785, "height": 1586, "position": [1.0235824472891428, -0.29793072100551543, 0.8106709261647673], "rotation": [[-0.10362101848590051, -0.02844698680399003, -0.9942099644791931], [-0.035963226376214706, 0.9990444267160775, -0.024837064966639108], [0.9939664636578831, 0.03318135605000998, -0.10454504643513558]], "fy": 1213.242571125565, "fx": 1212.9309807026866}, {"id": 63, "img_name": "indoor_DSC02615", "width": 2785, "height": 1586, "position": [0.9623677973621414, -0.1303511773120749, 0.9203623066823383], "rotation": [[0.18046194297029147, 0.12808559897040406, -0.9752064224951456], [-0.02482420591387661, 0.9917619352336287, 0.12566631458904656], [0.9832686540005903, 0.0015307377438992078, 0.1821549090796806]], "fy": 1213.242571125565, "fx": 1212.9309807026866}, {"id": 64, "img_name": "indoor_DSC02670", "width": 2785, "height": 1586, "position": [1.025273408480052, 0.30133729881251853, 0.7952862718916528], "rotation": [[-0.631798223422825, -0.046949453746921686, -0.7737097347666159], [-0.0137403105967628, 0.9986854916588784, -0.049381095722638754], [0.7750111023362607, -0.02056787648080338, -0.6316128194650611]], "fy": 1213.242571125565, "fx": 1212.9309807026866}, {"id": 65, "img_name": "indoor_DSC02850", "width": 2785, "height": 1586, "position": [0.22778329833739383, -0.22961404440625705, 0.9575229870412507], "rotation": [[-0.36831122115858816, -0.01750223578570316, 0.9295377970320363], [0.057140485651288216, 0.9975064486197023, 0.041422818127744336], [-0.9279449387049884, 0.06837072988209875, -0.3663927319519105]], "fy": 1213.242571125565, "fx": 1212.9309807026866}, {"id": 66, "img_name": "indoor_DSC02905", "width": 2785, "height": 1586, "position": [0.14943358349076868, -0.1369596343709577, 1.3762500539962779], "rotation": [[0.754426899876303, -0.0009681329860393592, 0.6563833601345724], [0.029277825787579523, 0.9990532611680644, -0.032177480737422846], [-0.6557307844383872, 0.043493034706449454, 0.753740999463238]], "fy": 1213.242571125565, "fx": 1212.9309807026866}, {"id": 67, "img_name": "indoor_DSC02945", "width": 2785, "height": 1586, "position": [-0.24027373209532643, -0.09398056368534698, 1.0107346288426526], "rotation": [[-0.5871224644809714, 0.12723065527753466, -0.799437034455772], [-0.05420931082633602, 0.9791746889270574, 0.19564835594590188], [0.8076809780609692, 0.15820647560150553, -0.5679983703816641]], "fy": 1213.242571125565, "fx": 1212.9309807026866}, {"id": 68, "img_name": "indoor_DSC03000", "width": 2785, "height": 1586, "position": [0.007652504689529, 0.14087254616514538, 0.8820310266360286], "rotation": [[-0.9460678875428562, 0.17781309845101317, 0.2708099964540574], [0.15682776322963712, 0.9828079381246684, -0.09743515504953404], [-0.28347946105597344, -0.0497097453060076, -0.9576890603849588]], "fy": 1213.242571125565, "fx": 1212.9309807026866}, {"id": 69, "img_name": "indoor_DSC03055", "width": 2785, "height": 1586, "position": [-0.4704802747168946, -0.15962992663352576, 1.307558957622619], "rotation": [[0.04443131604633223, -0.03954613154274674, 0.9982294133286169], [0.07424158511659484, 0.9965838912201354, 0.03617643984568665], [-0.9962499913143116, 0.07250276712331022, 0.04721550132844836]], "fy": 1213.242571125565, "fx": 1212.9309807026866}, {"id": 70, "img_name": "indoor_DSC03095", "width": 2785, "height": 1586, "position": [-0.4997950069375942, 0.45486100086879466, 1.197607276061166], "rotation": [[-0.5750048072381141, 0.10650042738475475, 0.8111887145540939], [0.06304270042129691, 0.9943110768158786, -0.08585511309665106], [-0.8157175305071293, 0.0017724243602243392, -0.5784477235975931]], "fy": 1213.242571125565, "fx": 1212.9309807026866}, {"id": 71, "img_name": "indoor_DSC03150", "width": 2785, "height": 1586, "position": [1.21730863012531, -0.009415688161680202, 1.3508575048961429], "rotation": [[-0.24843121298162985, 0.6855863707943601, -0.6842903335554975], [-0.23409275360738574, 0.643004201805591, 0.7292092835180215], [0.9399375059678104, 0.34134575527077027, 0.0007484875680982338]], "fy": 1213.242571125565, "fx": 1212.9309807026866}, {"id": 72, "img_name": "indoor_DSC03240", "width": 2785, "height": 1586, "position": [-0.8320544175501678, -0.2608641677004989, 1.0694201974534658], "rotation": [[-0.7382651732798831, -0.021891279386591852, -0.6741552534905013], [-0.023564661934220157, 0.9997001516159695, -0.006656843616450047], [0.6740988359505968, 0.01097172483368658, -0.7385596662587414]], "fy": 1213.242571125565, "fx": 1212.9309807026866}, {"id": 73, "img_name": "indoor_DSC03280", "width": 2785, "height": 1586, "position": [0.4743165093382121, -0.28685926475578655, 1.4815190144685788], "rotation": [[-0.6338015491430202, 0.05339949852428413, 0.7716502380361597], [0.04251188584937286, 0.9985110858575599, -0.0341811494992014], [-0.7723265733259712, 0.011140241330951598, -0.6351279864386787]], "fy": 1213.242571125565, "fx": 1212.9309807026866}, {"id": 74, "img_name": "indoor_DSC03320", "width": 2785, "height": 1586, "position": [0.5040204737409343, -0.09913566168656317, 1.2568510351912703], "rotation": [[-0.6609592527251285, 0.03315588183647856, 0.7496889713319015], [0.08772971183717519, 0.9955870533932171, 0.03331541350152714], [-0.74527603201633, 0.08779012823465407, -0.660951230792815]], "fy": 1213.242571125565, "fx": 1212.9309807026866}, {"id": 75, "img_name": "indoor_DSC03370", "width": 2785, "height": 1586, "position": [-1.5762049808534222, -0.12527217050010575, 0.8096555281755051], "rotation": [[0.7204509186621494, -0.15766470778144798, 0.6753460695962148], [0.053610595566104244, 0.9835619775362022, 0.17242894301167389], [-0.691430674646354, -0.0880208853924231, 0.7170606291610365]], "fy": 1213.242571125565, "fx": 1212.9309807026866}, {"id": 76, "img_name": "indoor_DSC03425", "width": 2785, "height": 1586, "position": [-2.0428470334554483, -0.2844796920997251, 1.2005457153825552], "rotation": [[0.20074081645129044, 0.13848012212374633, -0.9698073934483391], [0.016047955525356285, 0.9893609284499851, 0.14459397075963917], [0.9795129339288611, -0.0445893376624446, 0.19638279770106898]], "fy": 1213.242571125565, "fx": 1212.9309807026866}, {"id": 77, "img_name": "indoor_DSC03465", "width": 2785, "height": 1586, "position": [-1.550301973150356, -0.054370005780294925, 0.8423922459282548], "rotation": [[-0.7125269608156317, -0.06161051069956688, 0.6989345284661341], [0.07240906782645748, 0.9843619460475871, 0.16058793874357644], [-0.6978984575189588, 0.16503243361456482, -0.6969232661117805]], "fy": 1213.242571125565, "fx": 1212.9309807026866}, {"id": 78, "img_name": "indoor_DSC03505", "width": 2785, "height": 1586, "position": [-2.4018400647717604, -0.20113124483025469, 1.0099768904357795], "rotation": [[0.6934026194364022, -0.04139294825127287, 0.7193604320462749], [0.038865423890291274, 0.9990438156495021, 0.020023317365297295], [-0.7195014149983053, 0.014074027410478002, 0.6943483531829576]], "fy": 1213.242571125565, "fx": 1212.9309807026866}, {"id": 79, "img_name": "indoor_DSC03545", "width": 2785, "height": 1586, "position": [-2.971601198419584, -0.1135803627120569, 0.7101191310430786], "rotation": [[-0.44578895967236465, 0.13904828768982555, -0.8842724563870332], [0.036911093920585024, 0.9898767262788967, 0.13704611602289102], [0.8943767520345193, 0.028454181799894597, -0.44640854041817113]], "fy": 1213.242571125565, "fx": 1212.9309807026866}, {"id": 80, "img_name": "indoor_DSC03585", "width": 2785, "height": 1586, "position": [-2.4657514415865145, 0.05140876299434367, 1.1154951817079575], "rotation": [[0.9523947595151535, -0.07748309389684303, 0.2948569012389671], [0.05875903986417053, 0.9956828365516637, 0.0718544656279173], [-0.29915146210960397, -0.05110830809766389, 0.9528359478740716]], "fy": 1213.242571125565, "fx": 1212.9309807026866}, {"id": 81, "img_name": "indoor_DSC03625", "width": 2785, "height": 1586, "position": [-2.7465937768755673, 0.3640349742375305, 0.7255648082298486], "rotation": [[-0.21805760018645978, 0.10241848395581148, -0.9705469268124627], [-0.06165206570813409, 0.991046193666895, 0.11843337710408852], [0.9739866045253611, 0.08566152089796508, -0.20979084356235747]], "fy": 1213.242571125565, "fx": 1212.9309807026866}, {"id": 82, "img_name": "indoor_DSC03665", "width": 2785, "height": 1586, "position": [-2.1096258362967824, 0.43487334097549113, 1.3058890468085327], "rotation": [[0.860319752487395, -0.2065662874125067, 0.4660260640614869], [0.09549527882389222, 0.9633407058347968, 0.2507096651588497], [-0.5007300422407014, -0.17118718814890646, 0.8485071428168983]], "fy": 1213.242571125565, "fx": 1212.9309807026866}, {"id": 83, "img_name": "indoor_DSC03705", "width": 2785, "height": 1586, "position": [-2.4945023265736483, -0.18244167645195508, -0.22619503230551627], "rotation": [[-0.5678157066928602, -0.026636469284877073, 0.8227246329951005], [0.09459847871400545, 0.9907427669071489, 0.09736476593800486], [-0.8177019328935715, 0.13311374205994814, -0.5600395348695609]], "fy": 1213.242571125565, "fx": 1212.9309807026866}, {"id": 84, "img_name": "indoor_DSC03750", "width": 2785, "height": 1586, "position": [-3.088886254798141, -0.08474257234014576, 0.11703847197938697], "rotation": [[0.2530996921773533, 0.14383838771886748, -0.9566875477595418], [-0.04718045130470415, 0.9895439861821822, 0.13629638449115755], [0.9662890617379526, 0.01064037730128775, 0.25723963834617875]], "fy": 1213.242571125565, "fx": 1212.9309807026866}, {"id": 85, "img_name": "indoor_DSC03790", "width": 2785, "height": 1586, "position": [-2.526355315736989, -0.022853199769759927, -0.10051025466462493], "rotation": [[-0.5716433333471714, -0.015696533575754176, 0.8203520697075368], [0.08047466115487428, 0.9939238596111611, 0.07509454179672959], [-0.8165462193603876, 0.10894484902627485, -0.5669067749805954]], "fy": 1213.242571125565, "fx": 1212.9309807026866}, {"id": 86, "img_name": "indoor_DSC03830", "width": 2785, "height": 1586, "position": [-2.949887246054153, 0.0863637979330982, 0.3266543806696968], "rotation": [[0.5645864685125156, 0.06087526440399061, -0.8231259452576564], [0.0015319615479113934, 0.9971974011205914, 0.07479970783468368], [0.8253725053976427, -0.04349190018937497, 0.5629109005442473]], "fy": 1213.242571125565, "fx": 1212.9309807026866}, {"id": 87, "img_name": "indoor_DSC03870", "width": 2785, "height": 1586, "position": [-3.0273771214849723, 0.43879126748113323, -0.11610197309394969], "rotation": [[-0.6121336214223265, -0.009566343438678244, -0.7906964743804039], [0.07851952881939372, 0.9942496848522941, -0.07281653497039012], [0.7868463084480782, -0.10665856385835552, -0.6078625154073122]], "fy": 1213.242571125565, "fx": 1212.9309807026866}, {"id": 88, "img_name": "indoor_DSC03915", "width": 2785, "height": 1586, "position": [-3.253171325452138, -0.17492402980857502, -0.7539995501995638], "rotation": [[-0.5641075585541914, 0.025963214491068892, 0.8252930230380722], [0.12082828142990248, 0.991341696181467, 0.05140202154340107], [-0.8168128235946871, 0.12871500652737713, -0.56236043451325]], "fy": 1213.242571125565, "fx": 1212.9309807026866}, {"id": 89, "img_name": "indoor_DSC03960", "width": 2785, "height": 1586, "position": [-3.504714167934423, 0.2562300116418394, -0.22251153090948625], "rotation": [[0.9977282195965265, -0.0608589859370711, -0.02888916148760213], [0.06323424845583946, 0.9939289849830094, 0.09003667382166994], [0.02323423428844896, -0.09165891468567583, 0.9955193688299959]], "fy": 1213.242571125565, "fx": 1212.9309807026866}, {"id": 90, "img_name": "indoor_DSC04000", "width": 2785, "height": 1586, "position": [-2.9515467144517866, -0.2432404950954926, -0.9584922051090837], "rotation": [[0.8798000306619163, -0.003147652745579609, -0.47533356533016274], [-0.04381372067357118, 0.995184219614989, -0.08768538595480573], [0.4733204664157563, 0.0979717373097885, 0.8754251965533506]], "fy": 1213.242571125565, "fx": 1212.9309807026866}, {"id": 91, "img_name": "indoor_DSC04040", "width": 2785, "height": 1586, "position": [-2.5623441555747655, -0.17941196933972173, -1.5280024776055123], "rotation": [[-0.6545489458046233, 0.056289183858031305, 0.7539212195757936], [0.11351763434594128, 0.9932363618249402, 0.02439828357195513], [-0.7474486097642811, 0.10155322412091657, -0.6565116285581615]], "fy": 1213.242571125565, "fx": 1212.9309807026866}, {"id": 92, "img_name": "indoor_DSC04080", "width": 2785, "height": 1586, "position": [-2.7743429261907093, 0.013128607537445484, -0.8631074761388335], "rotation": [[0.999884529988416, 0.015195271574299698, -0.00017438929953302837], [-0.015195112035323907, 0.9998841583032005, 0.0008823517064984471], [0.0001877766717849575, -0.0008795999563925105, 0.9999995955218375]], "fy": 1213.242571125565, "fx": 1212.9309807026866}, {"id": 93, "img_name": "indoor_DSC04120", "width": 2785, "height": 1586, "position": [-2.5044641652606523, 0.31601197163668365, -1.4184634175257305], "rotation": [[-0.5901396369650495, 0.027528821001239615, 0.8068316880843499], [0.10447610692041837, 0.9936182506448115, 0.04251488055137639], [-0.8005123059425842, 0.1093843498852839, -0.589249617763695]], "fy": 1213.242571125565, "fx": 1212.9309807026866}, {"id": 94, "img_name": "indoor_DSC04160", "width": 2785, "height": 1586, "position": [-1.9023981703875443, -0.11566184188526613, -2.0685624336711546], "rotation": [[0.38701891940495914, -0.04424984894518613, 0.9210093956583427], [0.0617148988677019, 0.9978511423415483, 0.022008384434494876], [-0.9200041452517304, 0.048322340547570744, 0.3889181457885933]], "fy": 1213.242571125565, "fx": 1212.9309807026866}, {"id": 95, "img_name": "indoor_DSC04200", "width": 2785, "height": 1586, "position": [-1.9117019866557947, 0.05845162522704737, -1.9540088327233724], "rotation": [[0.5870213789904927, -0.12345667900019093, 0.8001027115429268], [0.0991375168004355, 0.991828068801922, 0.08030463684802319], [-0.803478471006376, 0.03217965734580365, 0.594463469258089]], "fy": 1213.242571125565, "fx": 1212.9309807026866}, {"id": 96, "img_name": "indoor_DSC04240", "width": 2785, "height": 1586, "position": [-2.059958222508004, 0.4517330856702709, -1.9090406403906042], "rotation": [[0.983440279116368, -0.024305979366246115, -0.17959520254886527], [0.04888006703001899, 0.989815427388101, 0.13370175298645856], [0.17451635011843783, -0.14026631481420884, 0.9746124380848934]], "fy": 1213.242571125565, "fx": 1212.9309807026866}, {"id": 97, "img_name": "indoor_DSC04280", "width": 2785, "height": 1586, "position": [-1.4655051867668611, -0.21585386586458458, -1.9691175378576498], "rotation": [[-0.09968585798877509, -0.08225825239019828, -0.991612983794964], [-0.08133894308755624, 0.9939152878913546, -0.07427231538901358], [0.